{
  "nbformat": 4,
  "nbformat_minor": 0,
  "metadata": {
    "colab": {
      "provenance": []
    },
    "kernelspec": {
      "name": "python3",
      "display_name": "Python 3"
    },
    "language_info": {
      "name": "python"
    }
  },
  "cells": [
    {
      "cell_type": "code",
      "execution_count": null,
      "metadata": {
        "id": "JGAkt6gQLRNV"
      },
      "outputs": [],
      "source": [
        "import numpy as np\n",
        "from typing_extensions import DefaultDict\n",
        "import copy"
      ]
    },
    {
      "cell_type": "code",
      "source": [
        "### Question 1 & Question2 LDU\n",
        "table0 = [[0, 7, 8, 0], [11, 14, 14, 11], [2, 0, 3, 0], [0, 0, 5, 1], [0, 0, 0, 6]]\n",
        "table1 = [[7, -1, 1], [1, 4, 3], [8, 1, 10]]\n",
        "table2 = [[11, 14, 14, 11], [0, 7, 8, 0], [2, 0, 3, 0], [0, 0, 0, 6], [0, 0, 5, 1]]\n",
        "table3 = [[8, 3, 7], [3, 2, 0], [9, 5, 3]]\n",
        "\n",
        "def LDU(table):\n",
        "  #table = np.array(table)\n",
        "  rownum = len(table)\n",
        "  columnnum = len(table[0])\n",
        "  L = [[0 for i in range(rownum)] for j in range(len(table))]\n",
        "  for k in range(rownum):\n",
        "    L[k][k] = 1\n",
        "\n",
        "  P = []\n",
        "  for this in range(rownum):\n",
        "    to_append = [0 for t in range(rownum)]\n",
        "    to_append[this] = 1\n",
        "    P.append(to_append)\n",
        "\n",
        "\n",
        "  # check for row exchanges\n",
        "  # go column by column to check for zeros\n",
        "  for c in range(columnnum):\n",
        "    exchange = 0\n",
        "    empty = 1\n",
        "    for r in range(rownum):\n",
        "      if table[r][c] != 0:\n",
        "        #print(table[r][c])\n",
        "        empty = 0\n",
        "    # if column not all zero, there might be a need to swap rows\n",
        "    if empty == 0:\n",
        "      d = 0\n",
        "      while d < rownum and table[c][d] == 0:\n",
        "        d += 1\n",
        "      # d: row number of the top non zero element in the column\n",
        "      if d > c:\n",
        "        # swap rows if there are nothing to cancel out this top non-zero element\n",
        "        temp = []\n",
        "        for ii in range(columnnum):\n",
        "          temp.append(table[c][ii])\n",
        "        table[c] = table[d]\n",
        "        table[d] = temp\n",
        "\n",
        "        temp2 = []\n",
        "        for ii in range(columnnum):\n",
        "          temp2.append(P[c][ii])\n",
        "        P[c] = table[d]\n",
        "        P[d] = temp2\n",
        "\n",
        "        for l in range(c):  # swap correposnding rows in l but only below diagonal\n",
        "          temp3 = L[c][l]\n",
        "          L[c][l] = L[d][l]\n",
        "          L[d][l] = temp3\n",
        "\n",
        "  print(\"table\", table)\n",
        "  print(\"P\", P)\n",
        "\n",
        "  for i in range(rownum):\n",
        "    row = table[i]\n",
        "    l_list = []\n",
        "    for j in range(i):\n",
        "      if row[j] != 0:\n",
        "        m = row[j]/table[j][j]\n",
        "        l_list.append(m)\n",
        "        for k in range(columnnum):\n",
        "          table[i][k] = table[i][k] - m*(table[j][k])\n",
        "      else:\n",
        "        l_list.append(0)\n",
        "    for k in range(len(l_list)):\n",
        "      L[i][k] = l_list[k]\n",
        "\n",
        "  print(\"L\")\n",
        "  for i in range(len(L)):\n",
        "    print(L[i])\n",
        "\n",
        "  D = [[0 for i in range(len(L))]for j in range(len(L))]\n",
        "\n",
        "  for i in range(min(rownum, columnnum)):\n",
        "    if table[i][i] != 0:\n",
        "      D[i][i] = table[i][i]\n",
        "      for j in range(len(table[i])):\n",
        "        table[i][j] = table[i][j]/D[i][i]\n",
        "\n",
        "  print(\"D\")\n",
        "  for i in range(len(D)):\n",
        "    print(D[i])\n",
        "\n",
        "  print(\"U\")\n",
        "  for i in range(rownum):\n",
        "    print(table[i])\n",
        "\n",
        "\n",
        "  print(\"-\"*40)\n",
        "\n",
        "\n",
        "print(\"Question 1 testing\")\n",
        "LDU(table0)\n",
        "print(\"a\")\n",
        "LDU(table1)\n",
        "print(\"b\")\n",
        "LDU(table2)\n",
        "print(\"c\")\n",
        "LDU(table3)"
      ],
      "metadata": {
        "colab": {
          "base_uri": "https://localhost:8080/"
        },
        "id": "pUro9jUJM9nn",
        "outputId": "5a13caac-7b14-445f-dccf-31fdc74175b9"
      },
      "execution_count": null,
      "outputs": [
        {
          "output_type": "stream",
          "name": "stdout",
          "text": [
            "Question 1 testing\n",
            "table [[11, 14, 14, 11], [0, 7, 8, 0], [2, 0, 3, 0], [0, 0, 5, 1], [0, 0, 0, 6]]\n",
            "P [[0, 7, 8, 0], [1, 0, 0, 0], [0, 0, 1, 0, 0], [0, 0, 0, 1, 0], [0, 0, 0, 0, 1]]\n",
            "L\n",
            "[1, 0, 0, 0, 0]\n",
            "[0, 1, 0, 0, 0]\n",
            "[0.18181818181818182, -0.36363636363636365, 1, 0, 0]\n",
            "[0, 0, 1.4864864864864864, 1, 0]\n",
            "[0, 0, 0, 1.5102040816326532, 1]\n",
            "D\n",
            "[11, 0, 0, 0, 0]\n",
            "[0, 7, 0, 0, 0]\n",
            "[0, 0, 3.3636363636363638, 0, 0]\n",
            "[0, 0, 0, 3.972972972972973, 0]\n",
            "[0, 0, 0, 0, 0]\n",
            "U\n",
            "[1.0, 1.2727272727272727, 1.2727272727272727, 1.0]\n",
            "[0.0, 1.0, 1.1428571428571428, 0.0]\n",
            "[0.0, 0.0, 1.0, -0.5945945945945946]\n",
            "[0.0, 0.0, 0.0, 1.0]\n",
            "[0.0, 0.0, 0.0, 0.0]\n",
            "----------------------------------------\n",
            "a\n",
            "table [[7, -1, 1], [1, 4, 3], [8, 1, 10]]\n",
            "P [[1, 0, 0], [0, 1, 0], [0, 0, 1]]\n",
            "L\n",
            "[1, 0, 0]\n",
            "[0.14285714285714285, 1, 0]\n",
            "[1.1428571428571428, 0.5172413793103448, 1]\n",
            "D\n",
            "[7, 0, 0]\n",
            "[0, 4.142857142857143, 0]\n",
            "[0, 0, 7.379310344827587]\n",
            "U\n",
            "[1.0, -0.14285714285714285, 0.14285714285714285]\n",
            "[0.0, 1.0, 0.689655172413793]\n",
            "[0.0, 0.0, 1.0]\n",
            "----------------------------------------\n",
            "b\n",
            "table [[11, 14, 14, 11], [0, 7, 8, 0], [2, 0, 3, 0], [0, 0, 0, 6], [0, 0, 5, 1]]\n",
            "P [[1, 0, 0, 0, 0], [0, 1, 0, 0, 0], [0, 0, 1, 0, 0], [0, 0, 0, 1, 0], [0, 0, 0, 0, 1]]\n",
            "L\n",
            "[1, 0, 0, 0, 0]\n",
            "[0, 1, 0, 0, 0]\n",
            "[0.18181818181818182, -0.36363636363636365, 1, 0, 0]\n",
            "[0, 0, 0, 1, 0]\n",
            "[0, 0, 1.4864864864864864, 0.6621621621621622, 1]\n",
            "D\n",
            "[11, 0, 0, 0, 0]\n",
            "[0, 7, 0, 0, 0]\n",
            "[0, 0, 3.3636363636363638, 0, 0]\n",
            "[0, 0, 0, 6, 0]\n",
            "[0, 0, 0, 0, 0]\n",
            "U\n",
            "[1.0, 1.2727272727272727, 1.2727272727272727, 1.0]\n",
            "[0.0, 1.0, 1.1428571428571428, 0.0]\n",
            "[0.0, 0.0, 1.0, -0.5945945945945946]\n",
            "[0.0, 0.0, 0.0, 1.0]\n",
            "[0.0, 0.0, 0.0, 0.0]\n",
            "----------------------------------------\n",
            "c\n",
            "table [[8, 3, 7], [3, 2, 0], [9, 5, 3]]\n",
            "P [[1, 0, 0], [0, 1, 0], [0, 0, 1]]\n",
            "L\n",
            "[1, 0, 0]\n",
            "[0.375, 1, 0]\n",
            "[1.125, 1.8571428571428572, 1]\n",
            "D\n",
            "[8, 0, 0]\n",
            "[0, 0.875, 0]\n",
            "[0, 0, 0]\n",
            "U\n",
            "[1.0, 0.375, 0.875]\n",
            "[0.0, 1.0, -3.0]\n",
            "[0.0, 0.0, 0.0]\n",
            "----------------------------------------\n"
          ]
        }
      ]
    },
    {
      "cell_type": "code",
      "source": [
        "### Question2 SVD\n",
        "table1 = [[7, -1, 1], [1, 4, 3], [8, 1, 10]]\n",
        "table2 = [[11, 14, 14, 11], [0, 7, 8, 0], [2, 0, 3, 0], [0, 0, 0, 6], [0, 0, 5, 1]]\n",
        "table3 = [[8, 3, 7], [3, 2, 0], [9, 5, 3]]\n",
        "##################################################\n",
        "##################################################\n",
        "def SVD(table):\n",
        "  U, Sigma, VT = np.linalg.svd(table)\n",
        "  print(\"U\", U, \"Sigma\", np.diag(Sigma), \"V\", VT.transpose(), \"-\"*40, sep = \"\\n\")\n",
        "\n",
        "print(\"a\")\n",
        "SVD(table1)\n",
        "print(\"b\")\n",
        "SVD(table2)\n",
        "print(\"c\")\n",
        "SVD(table3)\n"
      ],
      "metadata": {
        "id": "bS_yi_izK5l7",
        "colab": {
          "base_uri": "https://localhost:8080/"
        },
        "outputId": "ee3231c5-7139-4440-8960-8b2759a768d1"
      },
      "execution_count": null,
      "outputs": [
        {
          "output_type": "stream",
          "name": "stdout",
          "text": [
            "a\n",
            "U\n",
            "[[-0.38887445  0.76978599 -0.50616814]\n",
            " [-0.22418008 -0.61196298 -0.75844881]\n",
            " [-0.89359944 -0.18146855  0.41054746]]\n",
            "Sigma\n",
            "[[14.2766668   0.          0.        ]\n",
            " [ 0.          5.55941537  0.        ]\n",
            " [ 0.          0.          2.69623553]]\n",
            "V\n",
            "[[-0.7071046   0.5980468  -0.37728386]\n",
            " [-0.09816334 -0.61141438 -0.78519833]\n",
            " [-0.70026213 -0.51818191  0.49104019]]\n",
            "----------------------------------------\n",
            "b\n",
            "U\n",
            "[[-0.92731392  0.23785583 -0.24014796 -0.08741628  0.13491051]\n",
            " [-0.32653768 -0.71841854  0.21238742  0.50925057 -0.26982102]\n",
            " [-0.09609671 -0.11500782  0.07653054 -0.64892688 -0.74200782]\n",
            " [-0.08902678  0.60317161  0.62519865  0.35795854 -0.33053076]\n",
            " [-0.12767809 -0.22417987  0.70745337 -0.42869784  0.4991689 ]]\n",
            "Sigma\n",
            "[[27.05677454  0.          0.          0.        ]\n",
            " [ 0.          7.73282316  0.          0.        ]\n",
            " [ 0.          0.          4.1758625   0.        ]\n",
            " [ 0.          0.          0.          3.56322468]]\n",
            "V\n",
            "[[-0.38410515  0.30860637 -0.59594071 -0.63409779]\n",
            " [-0.56430077 -0.21970607 -0.44909512  0.65696839]\n",
            " [-0.61061886 -0.50218264  0.50382081 -0.34802557]\n",
            " [-0.40146293  0.77736989  0.43512393  0.21258112]]\n",
            "----------------------------------------\n",
            "c\n",
            "U\n",
            "[[-0.69924393  0.68659329 -0.19911699]\n",
            " [-0.20707103 -0.46111625 -0.86284031]\n",
            " [-0.68423645 -0.56210449  0.46460632]]\n",
            "Sigma\n",
            "[[1.53807062e+01 0.00000000e+00 0.00000000e+00]\n",
            " [0.00000000e+00 3.66522525e+00 0.00000000e+00]\n",
            " [0.00000000e+00 0.00000000e+00 1.84610916e-16]]\n",
            "V\n",
            "[[-0.80446843 -0.25906807 -0.53452248]\n",
            " [-0.38574666 -0.45644536  0.80178373]\n",
            " [-0.45169687  0.85119996  0.26726124]]\n",
            "----------------------------------------\n"
          ]
        }
      ]
    },
    {
      "cell_type": "code",
      "source": [
        "### Question3\n",
        "# Input test matrix for SVD\n",
        "input_matrix1 = [\n",
        "    [7, -1, 1],\n",
        "    [1, 4, 3],\n",
        "    [8, 1, 10]\n",
        "]\n",
        "\n",
        "b1 = [2, 0, -20]\n",
        "\n",
        "input_matrix2 = [\n",
        "    [8, 3, 7],\n",
        "    [3, 2, 0],\n",
        "    [9, 5, 3]\n",
        "]\n",
        "\n",
        "b2 = [12, 1, 7]\n",
        "\n",
        "b3 = [15, 14, 0]\n",
        "\n",
        "def svd_solve(input_matrix, b, thresh):\n",
        "  b = np.array(b)\n",
        "  input_matrix = np.array(input_matrix)\n",
        "  U, D, VT = np.linalg.svd(input_matrix) #resub\n",
        "  print(\"U\", U, \"Sigma\", np.diag(D), \"V\", VT.transpose(), sep = \"\\n\")\n",
        "  # with unique exact solution\n",
        "  if abs(D[-1]) >= thresh:\n",
        "    x = np.linalg.solve(input_matrix, b)\n",
        "    print(\"unique exact solution x\", x, sep = \"\\n\")\n",
        "  # if it has many or zero solutions\n",
        "  else:\n",
        "    for i in range(len(D)):\n",
        "      if abs(D[i]) >= thresh:\n",
        "        D[i] = 1/D[i]\n",
        "    x_bar = np.matmul(np.matmul(VT.transpose(), np.matmul(np.diag(D), U.transpose())), b)\n",
        "    Ax_bar = np.matmul(input_matrix, x_bar)\n",
        "    # print(\"Ax_bar\", Ax_bar, b, sep = \"\\n\")\n",
        "    flag = True\n",
        "    for i in range(len(Ax_bar)):\n",
        "      if abs(Ax_bar[i] - b[i]) >= thresh:\n",
        "        flag = False\n",
        "    # if there are zero solutions\n",
        "    if not flag:\n",
        "      print(\"There are 0 solutions, presenting SVD solution x_bar\") #resub, add reason\n",
        "      print(\"x_bar\", x_bar, sep = \"\\n\")\n",
        "    else:\n",
        "      x = np.linalg.solve(input_matrix, input_matrix[ :,0])\n",
        "      x_bar_new = np.matmul(np.matmul(VT.transpose(), np.matmul(np.diag(D), U.transpose())), input_matrix[:, 0])  #resub, name clash\n",
        "      x_n = np.subtract(x, x_bar_new) #resub, name clash\n",
        "      print(\"There are multiple solutions\") #resub, add reason\n",
        "      print(\"x\", x, \"x_bar\", x_bar, \"all x\", str(x_bar) + \"+ k*\" + str(x_n), sep = \"\\n\")\n",
        "  print(\"-\"*40)\n",
        "\n",
        "\n",
        "#U, D, V = np.linalg.svd(input_matrix)\n",
        "#x = np.linalg.solve(input_matrix, b)\n",
        "#print(\"U\", U, \"Sigma\", np.diag(D), \"V\", V, \"unique exact solution x\", x, sep = \"\\n\")\n",
        "\n",
        "#print(\"-\"*40)\n",
        "\n",
        "#U2, D2, V2 = np.linalg.svd(input_matrix2)\n",
        "#x2 = np.matmul(np.matmul(V2, np.matmul(np.diag(np.reciprocal(D2)), U2.transpose())), b2)\n",
        "#Ax2 = np.matmul(input_matrix2, x2)\n",
        "#print(\"U2\", U2, \"Sigma2\", np.diag(D2), \"V2\", V2, \"x2 bar\", x2, \"Ax2bar\", Ax2, sep = \"\\n\")\n",
        "\n",
        "#print(\"-\"*40)\n",
        "\n",
        "t = 0.0001\n",
        "\n",
        "print(\"a\")\n",
        "svd_solve(input_matrix1, b1, t)\n",
        "print(\"b\")\n",
        "svd_solve(input_matrix2, b2, t)\n",
        "print(\"c\")\n",
        "svd_solve(input_matrix2, b3, t)\n"
      ],
      "metadata": {
        "colab": {
          "base_uri": "https://localhost:8080/"
        },
        "id": "wQhfCIZxnDSq",
        "outputId": "e843e906-3bf0-4d0a-a23c-2939a660dd9f"
      },
      "execution_count": null,
      "outputs": [
        {
          "output_type": "stream",
          "name": "stdout",
          "text": [
            "a\n",
            "U\n",
            "[[-0.38887445  0.76978599 -0.50616814]\n",
            " [-0.22418008 -0.61196298 -0.75844881]\n",
            " [-0.89359944 -0.18146855  0.41054746]]\n",
            "Sigma\n",
            "[[14.2766668   0.          0.        ]\n",
            " [ 0.          5.55941537  0.        ]\n",
            " [ 0.          0.          2.69623553]]\n",
            "V\n",
            "[[-0.7071046   0.5980468  -0.37728386]\n",
            " [-0.09816334 -0.61141438 -0.78519833]\n",
            " [-0.70026213 -0.51818191  0.49104019]]\n",
            "unique exact solution x\n",
            "[ 1.  2. -3.]\n",
            "----------------------------------------\n",
            "b\n",
            "U\n",
            "[[-0.69924393  0.68659329 -0.19911699]\n",
            " [-0.20707103 -0.46111625 -0.86284031]\n",
            " [-0.68423645 -0.56210449  0.46460632]]\n",
            "Sigma\n",
            "[[1.53807062e+01 0.00000000e+00 0.00000000e+00]\n",
            " [0.00000000e+00 3.66522525e+00 0.00000000e+00]\n",
            " [0.00000000e+00 0.00000000e+00 1.84610916e-16]]\n",
            "V\n",
            "[[-0.80446843 -0.25906807 -0.53452248]\n",
            " [-0.38574666 -0.45644536  0.80178373]\n",
            " [-0.45169687  0.85119996  0.26726124]]\n",
            "There are multiple solutions\n",
            "x\n",
            "[ 1. -0.  0.]\n",
            "x_bar\n",
            "[ 0.42857143 -0.14285714  1.28571429]\n",
            "all x\n",
            "[ 0.42857143 -0.14285714  1.28571429]+ k*[ 0.28571429 -0.42857143 -0.14285714]\n",
            "----------------------------------------\n",
            "c\n",
            "U\n",
            "[[-0.69924393  0.68659329 -0.19911699]\n",
            " [-0.20707103 -0.46111625 -0.86284031]\n",
            " [-0.68423645 -0.56210449  0.46460632]]\n",
            "Sigma\n",
            "[[1.53807062e+01 0.00000000e+00 0.00000000e+00]\n",
            " [0.00000000e+00 3.66522525e+00 0.00000000e+00]\n",
            " [0.00000000e+00 0.00000000e+00 1.84610916e-16]]\n",
            "V\n",
            "[[-0.80446843 -0.25906807 -0.53452248]\n",
            " [-0.38574666 -0.45644536  0.80178373]\n",
            " [-0.45169687  0.85119996  0.26726124]]\n",
            "There are 0 solutions, presenting SVD solution x_bar\n",
            "x_bar\n",
            "[ 0.42857143 -0.14285714  1.28571429]\n",
            "----------------------------------------\n"
          ]
        }
      ]
    },
    {
      "cell_type": "code",
      "source": [],
      "metadata": {
        "id": "KRPEROOUsRO6"
      },
      "execution_count": null,
      "outputs": []
    }
  ]
}